1.0 2.0 3.0 5.0 8.0 13.0 21.0 34.0 55.0 89.0 144.0 233.0 377.0 610.0 987.0 1597.0 2584.0 4181.0 6765.0 10946.0 17711.0 28657.0 46368.0 
75025.0 121393.0 196418.0 317811.0 514229.0 832040.0 1346269.0 2178309.0 3524578.0 5702887.0 9227465.0 1.4930352E7 2.4157817E7 3.9088169E7 6.3245986E7 1.02334155E8 1.65580141E8 2.67914296E8 4.33494437E8 7.01408733E8 1.13490317E9 1.836311903E9 2.971215073E9 4.807526976E9 
7.778742049E9 1.2586269025E10 2.0365011074E10 3.2951280099E10 5.3316291173E10 8.6267571272E10 1.39583862445E11 2.25851433717E11 3.65435296162E11 5.91286729879E11 9.56722026041E11 1.54800875592E12 2.504730781961E12 4.052739537881E12 6.557470319842E12 1.0610209857723E13 1.7167680177565E13 2.7777890035288E13 4.4945570212853E13 7.2723460248141E13 1.17669030460994E14 1.90392490709135E14 3.08061521170129E14 4.98454011879264E14 
8.06515533049393E14 1.304969544928657E15 2.11148507797805E15 3.416454622906707E15 5.527939700884757E15 8.944394323791464E15 1.447233402467622E16 2.3416728348467684E16 3.7889062373143904E16 6.1305790721611584E16 9.9194853094755488E16 1.60500643816367072E17 2.5969549691112256E17 4.2019614072748966E17 6.7989163763861222E17 1.10008777836610189E18 1.77997941600471398E18 2.880067194370816E18 4.6600466103755305E18 7.5401138047463465E18 1.2200160415121877E19 1.9740274219868226E19 3.19404346349901E19 5.168070885485833E19 
8.362114348984843E19 1.3530185234470676E20 2.189229958345552E20 3.54224848179262E20 5.731478440138172E20 9.273726921930792E20 1.5005205362068963E21 2.4278932283999755E21 3.9284137646068717E21 6.356306993006848E21 1.028472075761372E22 1.6641027750620568E22 2.6925748508234288E22 4.356677625885486E22 7.049252476708914E22 1.14059301025944E23 1.8455182579303315E23 2.9861112681897715E23 4.831629526120103E23 7.817740794309875E23 1.2649370320429978E24 2.0467111114739851E24 3.3116481435169827E24 5.358359254990968E24 
8.670007398507951E24 1.402836665349892E25 2.269837405200687E25 3.6726740705505786E25 5.942511475751265E25 9.615185546301844E25 1.555769702205311E26 2.5172882568354952E26 4.0730579590408064E26 6.590346215876301E26 1.0663404174917107E27 1.7253750390793408E27 2.791715456571052E27 4.5170904956503927E27 7.308805952221445E27 1.1825896447871837E28 1.9134702400093282E28 3.096059884796512E28 5.009530124805841E28 8.105590009602353E28 1.3115120134408193E29 2.1220710144010545E29 3.4335830278418734E29 5.5556540422429276E29 
8.989237070084801E29 1.454489111232773E30 2.353412818241253E30 3.807901929474026E30 6.161314747715279E30 9.969216677189305E30 1.6130531424904583E31 2.6099748102093888E31 4.223027952699847E31 6.8330027629092365E31 1.1056030715609085E32 1.788903347851832E32 2.8945064194127406E32 4.683409767264573E32 7.577916186677313E32 1.2261325953941887E33 1.98392421406192E33 3.2100568094561087E33 5.193981023518028E33 8.404037832974137E33 1.3598018856492165E34 2.20020566894663E34 3.5600075545958467E34 5.760213223542477E34 
9.320220778138323E34 1.50804340016808E35 2.4400654779819122E35 3.9481088781499925E35 6.388174356131905E35 1.0336283234281898E36 1.6724457590413803E36 2.70607408246957E36 4.37851984151095E36 7.08459392398052E36 1.146311376549147E37 1.854770768947199E37 3.001082145496346E37 4.855852914443544E37 7.85693505993989E37 1.2712787974383434E38 2.0569723034323324E38 3.328251100870676E38 5.385223404303009E38 8.713474505173684E38 1.409869790947669E39 2.2812172414650375E39 3.691087032412707E39 5.972304273877745E39 
9.663391306290452E39 1.5635695580168196E40 2.529908688645865E40 4.0934782466626846E40 6.623386935308549E40 1.0716865181971233E41 1.7340252117279783E41 2.8057117299251016E41 4.53973694165308E41 7.34544867157818E41 1.188518561323126E42 1.923063428480944E42 3.11158198980407E42 5.034645418285014E42 8.146227408089083E42 1.3180872826374099E43 2.1327100234463182E43 3.450797306083728E43 5.583507329530046E43 9.034304635613775E43 1.4617811965143821E44 2.3652116600757594E44 3.826992856590142E44 6.192204516665901E44 
1.0019197373256042E45 1.6211401889921942E45 2.6230599263177984E45 4.2442001153099927E45 6.86726004162779E45 1.1111460156937784E46 1.7978720198565574E46 2.9090180355503355E46 4.706890055406893E46 7.615908090957229E46 1.2322798146364122E47 1.993870623732135E47 3.2261504383685474E47 5.2200210621006825E47 8.44617150046923E47 1.3666192562569911E48 2.2112364063039142E48 3.577855662560905E48 5.7890920688648195E48 9.366947731425724E48 1.5156039800290544E49 2.452298753171627E49 3.967902733200681E49 6.420201486372308E49 
1.0388104219572989E50 1.6808305705945297E50 2.7196409925518287E50 4.400471563146358E50 7.120112555698187E50 1.1520584118844544E51 1.864069667454273E51 3.016128079338727E51 4.880197746793E51 7.896325826131728E51 1.2776523572924728E52 2.0672849399056455E52 3.344937297198118E52 5.412222237103764E52 8.757159534301882E52 1.4169381771405647E53 2.2926541305707528E53 3.7095923077113174E53 6.002246438282071E53 9.711838745993388E53 1.571408518427546E54 2.5425923930268848E54 4.114000911454431E54 6.656593304481316E54 
1.0770594215935747E55 1.7427187520417062E55 2.819778173635281E55 4.562496925676987E55 7.382275099312268E55 1.1944772024989255E56 1.9327047124301523E56 3.1271819149290778E56 5.05988662735923E56 8.187068542288308E56 1.3246955169647538E57 2.1434023711935847E57 3.4680978881583385E57 5.611500259351923E57 9.07959814751026E57 1.4691098406862182E58 2.3770696554372443E58 3.846179496123462E58 6.223249151560707E58 1.0069428647684168E59 1.6292677799244873E59 2.636210644692904E59 4.265478424617391E59 6.901689069310295E59 
1.1167167493927686E60 1.806885656323798E60 2.923602405716567E60 4.7304880620403654E60 7.654090467756932E60 1.2384578529797298E61 2.003866899755423E61 3.242324752735153E61 5.246191652490576E61 8.488516405225729E61 1.3734708057716305E62 2.2223224462942035E62 3.5957932520658337E62 5.818115698360037E62 9.41390895042587E62 1.5232024648785907E63 2.4645933599211777E63 3.987795824799768E63 6.452389184720946E63 1.0440185009520713E64 1.6892574194241658E64 2.733275920376237E64 4.422533339800403E64 7.15580926017664E64 
1.1578342599977044E65 1.8734151860153683E65 3.0312494460130726E65 4.90466463202844E65 7.9359140780415135E65 1.2840578710069954E66 2.0776492788111467E66 3.361707149818142E66 5.439356428629289E66 8.801063578447432E66 1.424042000707672E67 2.3041483585524152E67 3.728190359260087E67 6.032338717812503E67 9.760529077072589E67 1.579286779488509E68 2.555339687195768E68 4.134626466684277E68 6.689966153880045E68 1.0824592620564322E69 1.751455877444437E69 2.833915139500869E69 4.5853710169453055E69 7.419286156446174E69 
1.200465717339148E70 1.9423943329837654E70 3.1428600503229136E70 5.085254383306679E70 8.228114433629592E70 1.331336881693627E71 2.1541483250565862E71 3.485485206750213E71 5.6396335318068E71 9.125118738557013E71 1.4764752270363813E72 2.3889871008920825E72 3.865462327928464E72 6.254449428820547E72 1.0119911756749011E73 1.637436118556956E73 2.649427294231857E73 4.2868634127888125E73 6.93629070702067E73 1.1223154119809483E74 1.8159444826830153E74 2.9382598946639633E74 4.754204377346978E74 7.692464272010942E74 
1.244666864935792E75 2.013913292136886E75 3.258580157072678E75 5.272493449209564E75 8.531073606282242E75 1.3803567055491806E76 2.2334640661774048E76 3.613820771726585E76 5.84728483790399E76 9.461105609630574E76 1.5308390447534564E77 2.476949605716514E77 4.0077886504699705E77 6.484738256186484E77 1.0492526906656455E78 1.697726516284294E78 2.7469792069499394E78 4.444705723234234E78 7.191684930184173E78 1.1636390653418406E79 1.882807558360258E79 3.046446623702099E79 4.9292541820623566E79 7.975700805764455E79 
1.290495498782681E80 2.0880655793591266E80 3.3785610781418077E80 5.466626657500934E80 8.845187735642742E80 1.4311814393143676E81 2.315700212878642E81 3.7468816521930098E81 6.062581865071651E81 9.809463517264662E81 1.5872045382336313E82 2.5681508899600975E82 4.155355428193729E82 6.723506318153826E82 1.0878861746347554E83 1.760236806450138E83 2.848122981084893E83 4.608359787535031E83 7.456482768619924E83 1.2064842556154955E84 1.952132532477488E84 3.1586167880929834E84 5.110749320570471E84 8.269366108663455E84 
1.3380115429233926E85 2.164948153789738E85 3.5029596967131306E85 5.667907850502869E85 9.170867547216E85 1.483877539771887E86 2.400964294493487E86 3.884841834265374E86 6.285806128758862E86 1.0170647963024235E87 1.6456454091783097E87 2.662710205480733E87 4.308355614659043E87 6.971065820139776E87 1.127942143479882E88 1.8250487254938595E88 2.9529908689737415E88 4.7780395944676006E88 7.731030463441342E88 1.2509070057908943E89 2.0240100521350286E89 3.274917057925923E89 5.298927110060952E89 8.573844167986874E89 
1.3872771278047826E90 2.24466154460347E90 3.631938672408253E90 5.876600217011723E90 9.508538889419975E90 1.5385139106431697E91 2.489367799585167E91 4.0278817102283365E91 6.5172495098135036E91 1.054513122004184E92 1.7062380729855341E92 2.760751194989718E92 4.466989267975252E92 7.22774046296497E92 1.1694729730940222E93 1.8922470193905192E93 3.0617199924845414E93 4.95396701187506E93 8.015687004359602E93 1.2969654016234662E94 2.0985341020594266E94 3.395499503682893E94 5.4940336057423194E94 8.889533109425212E94 
1.438356671516753E95 2.327309982459274E95 3.765666653976027E95 6.092976636435301E95 9.858643290411328E95 1.5951619926846628E96 2.5810263217257956E96 4.1761883144104584E96 6.7572146361362535E96 1.0933402950546712E97 1.7690617586682965E97 2.8624020537229677E97 4.631463812391264E97 7.493865866114232E97 1.2125329678505497E98 1.961919554461973E98 3.1744525223125226E98 5.1363720767744955E98 8.310824599087018E98 1.3447196675861514E99 2.175802127494853E99 3.520521795081005E99 5.696323922575858E99 9.216845717656862E99 
1.491316964023272E100 2.413001535788958E100 3.90431849981223E100 6.317320035601188E100 1.0221638535413418E101 1.6538958571014605E101 2.6760597106428023E101 4.329955567744263E101 7.006015278387065E101 1.1335970846131328E102 1.8341986124518392E102 2.967795697064972E102 4.801994309516812E102 7.769790006581784E102 1.2571784316098597E103 2.034157432268038E103 3.2913358638778977E103 5.325493296145936E103 8.616829160023833E103 1.394232245616977E104 2.2559151616193602E104 3.6501474072363375E104 5.906062568855698E104 9.556209976092036E104 
1.5462272544947735E105 2.501848252103977E105 4.0480755065987505E105 6.549923758702727E105 1.0597999265301477E106 1.7147923024004204E106 2.774592228930568E106 4.4893845313309884E106 7.263976760261557E106 1.1753361291592545E107 1.9017338051854102E107 3.0770699343446646E107 4.978803739530075E107 8.055873673874739E107 1.3034677413404814E108 2.1090551087279553E108 3.412522850068437E108 5.521577958796393E108 8.93410080886483E108 1.4455678767661223E109 2.3389779576526055E109 3.784545834418728E109 6.123523792071334E109 9.908069626490062E109 
1.6031593418561396E110 2.5939663045051458E110 4.197125646361285E110 6.791091950866431E110 1.0988217597227716E111 1.7779309548094147E111 2.8767527145321864E111 4.654683669341601E111 7.531436383873787E111 1.218612005321539E112 1.9717556437089175E112 3.1903676490304564E112 5.162123292739374E112 8.35249094176983E112 1.3514614234509204E113 2.1867105176279034E113 3.538171941078824E113 5.724882458706727E113 9.263054399785552E113 1.498793685849228E114 2.4250991258277832E114 3.923892811677011E114 6.348991937504794E114 1.0272884749181806E115 
1.6621876686686599E115 2.6894761435868405E115 4.3516638122555E115 7.041139955842341E115 1.1392803768097841E116 1.8433943723940184E116 2.9826747492038025E116 4.826069121597821E116 7.808743870801623E116 1.2634812992399444E117 2.0443556863201068E117 3.307836985560051E117 5.352192671880158E117 8.660029657440209E117 1.4012222329320367E118 2.2672251986760575E118 3.668447431608094E118 5.935672630284151E118 9.604120061892246E118 1.5539792692176397E119 2.514391275406864E119 4.0683705446245036E119 6.582761820031368E119 
